%YAML:1.0
---
K: !!opencv-matrix
   rows: 3
   cols: 3
   dt: d
   data: [ 3.2926824883294871e+03, 0., 1.2987126689038516e+03, 0.,
       3.3118714897283103e+03, 1.0501876690726467e+03, 0., 0., 1. ]
D: !!opencv-matrix
   rows: 1
   cols: 5
   dt: d
   data: [ -2.7493210903662546e-01, 1.4332977080997011e+00,
       6.8227282940549029e-03, 8.0698265861724825e-03,
       -3.3650964403274353e+00 ]
