%YAML:1.0
---
K: !!opencv-matrix
   rows: 3
   cols: 3
   dt: d
   data: [ 3.2258361124218668e+03, 0., 1.2340546061734037e+03, 0.,
       3.2492593295865918e+03, 7.9968073283835088e+02, 0., 0., 1. ]
D: !!opencv-matrix
   rows: 1
   cols: 5
   dt: d
   data: [-3.2840536347961274e-01, 1.0398347518935935e+00,
       -3.2319957902654821e-03, -4.4095899443132840e-03,
       -2.2574543146293231e+00 ]
