; Left Camera
[Camera0]
roll = 1.7780179
pitch = -0.1204966
yaw = 0.9651175
t_x = 0.588781
t_y = 0.0756806
t_z = 0.81803
; Center Camera
[Camera1]
roll = 1.401553
pitch = -1.3863377
yaw = 1.0811242
t_x = -0.00605162
t_y = 0.0623607
t_z = 1.00015

; Right Camera
[Camera2]
roll = 1.7085569
pitch = 0.055844
yaw = 2.1072706
t_x = -0.733751
t_y = 0.0834776
t_z = -0.000610224
