; Left Camera
[Camera0]
roll = 1.6039316
pitch = 0.0163948
yaw = 1.4090534
t_x = 0.0296656
t_y = -0.129524
t_z = -0.279383
; Center Camera
[Camera1]
roll = 1.8835139
pitch = 0.0278866
yaw = 1.6037005
t_x = 0.0590671
t_y = -0.0849201
t_z = 0.997751

; Right Camera
[Camera2]
roll = 1.8835139
pitch = 0.0278866
yaw = 1.6037005
t_x = 0.0590671
t_y = -0.0849201
t_z = 0.997751

[Camera3]
roll = 1.8835139
pitch = 0.0278866
yaw = 1.6037005
t_x = 0.0590671
t_y = -0.0849201
t_z = 0.997751