; Left Camera
[Camera0]
roll = 1.8835139
pitch = 0.0278866
yaw = 1.6037005
t_x = 0.0590671
t_y = -0.0849201
t_z = 0.997751
; Center Camera
[Camera1]
roll = -0.04244655
pitch = 0.30226558
yaw = -0.04521109
t_x = 0
t_y = 0 
t_z = 0

; Right Camera
[Camera2]
roll = -0.17917925
pitch = 0.10990806
yaw = -0.63614996
t_x = -1.01982628
t_y = 0.08739849
t_z = -0.1