; Left Camera
[Camera0]
roll = 1.808
pitch = -0.1122
yaw = 0.9542
t_x = 0.532918
t_y = 0.2155
t_z = 1.05934

; Center Camera
[Camera1]
roll = 1.816
pitch = 0.01608
yaw = 1.566 
t_x = -0.0121403
t_y = -0.0280563
t_z = 1.01903

; Right Camera
[Camera2]
roll = 1.718
pitch = 0.1116
yaw = 2.159
t_x = -0.605246
t_y = 0.193978
t_z = 0.766961
